//pages free increases => amount of unallocated memory increases, pages active decreases, si (the total number of compressed pages that have been swapped out to disk per second) change, so (the total number of compressed pages that have been swapped back in from disk) don't change (always zero) => No memory swapped

Mach Virtual Memory Statistics: (page size of 4096 bytes)
    free   active   specul inactive throttle    wired  prgable   faults     copy    0fill reactive   purged file-backed anonymous cmprssed cmprssor  dcomprs   comprs  pageins  pageout  swapins swapouts
    5625   472351     4083   467667        0   564183    39462  403594K  4359450  186985K 16879213 41659445      276096    668005  2268318   582514 21037784 32991351 22162451   148723  8854882  9602304 
    6360   470582      713   469049        0   567071    40222     7970        0     4453     1165      400      272763    667581  2268242   583094     3581     4390       46       11        0        0 
    4597   470423      840   468893        0   567276    40224     8027      214     4985      261        4      272897    667259  2272144   584670      137     4073       88        0        0        0 
    4735   469498      839   467547        0   567227    40029     2679        0     2632      365        0      272896    664988  2276980   586802       28     4864        0        1        0        0 
    5302   467638      628   465994        0   566380    39960     4836        2     3658      152        0      272686    661574  2283942   590730      206     7168       80        1        0        0 
    4065   460756      781   460102        0   577511    36236     3140        0     2866      154        0      272860    648779  2288350   593586      189     4608       72        0       64        0 
    4720   462019      525   459732        0   573505    36599     2681        0     2603      634        0      272604    649672  2293942   596186       35     5627        0        0        0        0 
    4369   463497      614   460160        0   570206    39893     2843        0     2632      614        0      272707    651564  2297862   597790      175     4096      146       10        0        0 
    4879   461892      483   460199        0   570208    39510     2621        0     2596     1089      377      272575    649999  2301268   599050        5     3677        0       30        0        0 
    3708   462458      632   460290        0   569475    39314     6195      193     4752      901      196      272724    650656  2304247   600174       17     3232      139        0        0        0 
    6282   466851      551   460749        0   558987    41167     3388        0     3316      462        2      272722    655429  2311029   603022       36     6817        0       83        0        0 
   30466   444185      551   444054        0   574356    36214     6953       39     5623        0        0      272722    616068  2310107   602926      922        0        0        0        0        0 
   31686   442920      568   442669        0   575992    33482     3600        1     3258        0        0      272743    613414  2310026   602926       81        0       11        0        0        0 
   31536   442872      569   442033        0   576762    33651     1743        0     1636        0        0      272744    612730  2309972   602910       51        0        0        0        0        0 
   21366   440753      723   439638        0   591546    33241     8134        0     6336        0        0      272900    608214  2306454   602542     3489        0       36        0       64        0 
   20255   442854      928   441390        0   588779    36374     3511        0     2285        0        0      273145    612027  2305862   602478      592        0      188        0       64        0 
   19641   443085     1035   441763        0   588868    35807     2816        1      964        0        0      273270    612613  2305147   602314      715        0       78        0       60        0 
